0 0.0876171002071 0.0083586912429
0.1 0.0877305550642 0.00836750641216
0.2 0.0885246884721 0.00846565820702
0.3 0.0893176217622 0.00856400992687
0.4 0.0908199751566 0.00872625645689
0.5 0.0920448925485 0.0089201258027
0.6 0.0946492874346 0.00925874664638
0.7 0.0969010625634 0.00957238041105
0.8 0.0995861713184 0.00960356064246
0.9 0.102123784551 0.0100276826226
1 0.104955957218 0.0105766516246
1.1 0.108986320817 0.0111622520817
1.2 0.113046808159 0.0119004521349
1.3 0.118450214196 0.0121227548794
1.4 0.121087029206 0.0128469244584
1.5 0.128248562779 0.0139772812084
1.6 0.138434918921 0.0144152350533
1.7 0.141154112944 0.0156816651769
1.8 0.14685130945 0.0170141293455
1.9 0.154176261506 0.0176932298838
2 0.157296174238 0.0190477038147
2.1 0.160882392883 0.0202823033992
2.2 0.171672968885 0.0220781898154
2.3 0.181236950972 0.0225786536986
2.4 0.192783505155 0.0248537027457
2.5 0.203191300192 0.0271942671861
2.6 0.212559905196 0.0292091173658
2.7 0.22047084056 0.0318777304439
2.8 0.234076777108 0.0344472594956
2.9 0.245529422899 0.0363954383859
3 0.266332809086 0.0396847133729
3.1 0.276522997512 0.0422707014807
3.2 0.28099449753 0.0451322163911
3.3 0.290408131542 0.0484257230746
3.4 0.294000386435 0.0514474090868
3.5 0.296862708283 0.0538314981758
3.6 0.294659183354 0.0546439968025
3.7 0.297226098069 0.0533879871961
3.8 0.301101729745 0.0574083519724
3.9 0.300723193616 0.059722546987
4 0.304960423408 0.0642562737928
4.1 0.306985968108 0.0635902331085
4.2 0.303776502711 0.0630250504988
4.3 0.302494136642 0.0659739081229
4.4 0.310344827586 0.0735300732817
4.5 0.298659556794 0.073070645925
4.6 0.296859931845 0.0767449642391
4.7 0.287561769485 0.076253211347
4.8 0.299044583561 0.0820368016423
4.9 0.292703333014 0.0801746719047
5 0.288894902864 0.0806915385141
