0 100.0 0.22
0.1 100.0 0.22
0.2 100.0 0.22
0.3 99.8 0.29
0.4 99.22 0.47
0.5 98.44 0.62
0.6 98.05 0.68
0.7 97.07 0.81
0.8 95.31 1.0
0.9 93.55 5.95
1 91.8 5.86
1.1 90.43 5.8
1.2 89.06 5.73
1.3 87.11 5.64
1.4 84.38 5.51
1.5 82.81 5.44
1.6 80.86 5.34
1.7 78.12 5.21
1.8 75.59 5.09
1.9 73.44 4.99
2 71.48 4.89
2.1 68.95 4.77
2.2 66.99 4.67
2.3 64.84 4.57
2.4 62.89 4.47
2.5 60.94 4.38
2.6 59.77 4.32
2.7 54.89 2.41
2.8 53.52 4.01
2.9 51.76 3.92
3 50.39 3.85
3.1 49.41 3.8
3.2 46.88 3.67
3.3 44.34 3.54
3.4 42.77 3.45
3.5 42.19 3.42
3.6 40.23 3.32
3.7 38.67 3.24
3.8 37.3 3.16
3.9 36.13 3.1
4 35.16 3.05
4.1 33.2 2.94
4.2 32.03 2.87
4.3 30.86 2.81
4.4 30.27 2.78
4.5 28.71 2.69
4.6 27.54 2.62
4.7 25.98 2.53
4.8 25.2 2.48
4.9 24.61 2.45
5 24.02 2.41
